    45
     1    0.028953   -0.025251    0.000000       0.022222
     2    0.086858   -0.025251    0.000000       0.022222
     3    0.144763   -0.025251    0.000000       0.022222
     4    0.202668   -0.025251    0.000000       0.022222
     5    0.260574   -0.025251    0.000000       0.022222
     6    0.318479   -0.025251    0.000000       0.022222
     7    0.376384   -0.025251    0.000000       0.022222
     8    0.434289   -0.025251    0.000000       0.022222
     9    0.492194   -0.025251    0.000000       0.022222
    10    0.028953   -0.012625    0.000000       0.022222
    11    0.086858   -0.012625    0.000000       0.022222
    12    0.144763   -0.012625    0.000000       0.022222
    13    0.202668   -0.012625    0.000000       0.022222
    14    0.260574   -0.012625    0.000000       0.022222
    15    0.318479   -0.012625    0.000000       0.022222
    16    0.376384   -0.012625    0.000000       0.022222
    17    0.434289   -0.012625    0.000000       0.022222
    18    0.492194   -0.012625    0.000000       0.022222
    19    0.028953    0.000000    0.000000       0.022222
    20    0.086858    0.000000    0.000000       0.022222
    21    0.144763    0.000000    0.000000       0.022222
    22    0.202668    0.000000    0.000000       0.022222
    23    0.260574    0.000000    0.000000       0.022222
    24    0.318479    0.000000    0.000000       0.022222
    25    0.376384    0.000000    0.000000       0.022222
    26    0.434289    0.000000    0.000000       0.022222
    27    0.492194    0.000000    0.000000       0.022222
    28    0.028953    0.012625    0.000000       0.022222
    29    0.086858    0.012625    0.000000       0.022222
    30    0.144763    0.012625    0.000000       0.022222
    31    0.202668    0.012625    0.000000       0.022222
    32    0.260574    0.012625    0.000000       0.022222
    33    0.318479    0.012625    0.000000       0.022222
    34    0.376384    0.012625    0.000000       0.022222
    35    0.434289    0.012625    0.000000       0.022222
    36    0.492194    0.012625    0.000000       0.022222
    37    0.028953    0.025251    0.000000       0.022222
    38    0.086858    0.025251    0.000000       0.022222
    39    0.144763    0.025251    0.000000       0.022222
    40    0.202668    0.025251    0.000000       0.022222
    41    0.260574    0.025251    0.000000       0.022222
    42    0.318479    0.025251    0.000000       0.022222
    43    0.376384    0.025251    0.000000       0.022222
    44    0.434289    0.025251    0.000000       0.022222
    45    0.492194    0.025251    0.000000       0.022222
